1234
 -1.53689727e-001
 9.16900176e-001
 -2.90624758e-001
 9.85665977e-001
 1.07321808e-001
 -1.40521031e-001
 -6.45762687e-001
 -3.86398417e-002
 -3.53983127e-002
 -3.98325204e-001
 1.51917662e+000
 8.01353162e-001
 2.45469929e-001
 2.22048054e-001
 5.15378251e-001
 6.91129868e-001
 8.82852065e-001
 -6.73783252e-001
 4.97602194e-002
 -1.10986252e+000
 -7.88270772e-001
 -6.54004781e-001
 -1.14272453e-001
 -5.57615406e-001
 -2.64062131e-001
 1.31982286e+000
 -2.36097346e+000
 4.76018280e-001
 6.87092887e-001
 -1.02275898e+000
 -1.52897729e+000
 1.56267960e+000
 9.01274690e-001
 2.97143795e-001
 -1.05994983e+000
 4.56471947e-001
 6.90867355e-001
 -3.45016163e-002
 -8.99211642e-001
 -8.97799372e-001
 1.65504050e-001
 -4.45003225e-001
 3.07753357e-001
 -1.16527659e+000
 -1.28731818e+000
 -3.28001138e-001
 -2.44506173e+000
 -3.27476213e-001
 1.08993801e+000
 -2.12657558e-001
 2.54193399e-001
 -1.60702351e-001
 -1.61507931e-001
 7.14412231e-002
 -2.64504221e-001
 4.78701575e-001
 1.30636647e+000
 8.20229625e-001
 1.58616375e+000
 -1.15447871e+000
 3.93715876e-001
 4.97705601e-001
 1.00535656e+000
 1.76031475e+000
 -8.00887426e-001
 8.66585641e-002
 -4.40893013e-001
 1.37448544e+000
 -7.27418166e-002
 1.12459115e+000
 3.65559816e-001
 -4.77606506e-001
 1.05705697e+000
 6.25696139e-001
 -7.44267810e-001
 -3.72094911e-001
 -9.38635448e-001
 -1.08069282e+000
 8.49977662e-001
 -2.11930050e+000
 1.19386829e+000
 1.40985195e+000
 -1.09011975e+000
 -3.27933664e-001
 -7.84563307e-001
 4.35942881e-001
 -4.69720308e-001
 -7.82868793e-001
 -1.11629755e+000
 1.39587965e-001
 1.94141116e-002
 7.99112374e-003
 -3.59407300e+000
 -1.21755707e+000
 1.95764030e+000
 8.54783866e-001
 -8.52800803e-001
 1.15326662e+000
 -1.23183610e+000
 -8.25794646e-001
 -6.41168576e-001
 5.60187146e-001
 7.86844133e-001
 5.15339716e-001
 -4.98525851e-001
 8.12043816e-001
 1.08035750e+000
 -6.77965830e-001
 -2.14210295e+000
 -2.08839113e+000
 7.92436762e-001
 -9.79804785e-001
 2.13207641e+000
 -6.99842775e-002
 -2.14359130e-001
 -5.27536161e-001
 -1.58790845e+000
 2.90011568e+000
 -3.25941364e-001
 -8.19620056e-001
 -2.12123127e-001
 -2.41101105e-001
 -8.23329482e-001
 -7.55761072e-001
 -4.89216766e-001
 -6.74665346e-001
 1.58365970e+000
 7.90161775e-001
 -2.08635679e+000
 1.96965431e+000
 5.40972683e-001
 -4.80133839e-001
 -3.84021398e-001
 -9.22754664e-001
 7.87243063e-001
 -1.28343182e+000
 -1.14631741e-002
 -7.25007651e-001
 -1.91401171e+000
 -1.80336966e+000
 7.89512065e-001
 4.10387594e-001
 1.04495419e+000
 3.99697855e-002
 3.26998251e-001
 1.88719592e+000
 -4.91277520e-001
 -9.15083318e-002
 -1.05533365e+000
 6.67917478e-001
 -2.90826835e-002
 -6.86555136e-001
 -6.80515372e-001
 9.28909511e-002
 1.72094706e+000
 -3.77510553e-001
 -4.06633635e-001
 -1.32962578e+000
 -1.10153113e+000
 4.66268195e-001
 -1.01687217e+000
 -1.28938227e+000
 1.46407209e-001
 5.79853044e-001
 3.21054241e-001
 -1.41701984e+000
 -6.79515277e-001
 1.23816246e+000
 7.21918897e-001
 -7.39163663e-001
 1.53514496e-001
 6.25456750e-002
 2.01644119e+000
 1.06730614e+000
 -4.79393471e-001
 6.41409631e-002
 -4.65416187e-002
 4.05638610e-001
 4.07894888e-001
 3.39511651e-001
 -3.78905488e-001
 -1.16530176e+000
 -4.67841744e-001
 -9.56111133e-001
 1.22687978e+000
 -5.44991025e-001
 -2.40506470e-001
 7.69065548e-001
 -2.13145574e+000
 8.71817013e-001
 3.13504911e-001
 3.30405238e-001
 -1.50634069e+000
 -2.07727442e+000
 -8.68482619e-001
 -5.68571813e-002
 4.93772017e-001
 4.17468171e-002
 -1.42130094e+000
 -1.57493564e+000
 -2.78611219e-001
 1.27643210e+000
 -1.02991373e+000
 4.44447903e-002
 3.79217278e-001
 -1.12935141e+000
 -2.01625803e-001
 6.00913210e-002
 -1.05893841e+000
 5.19235225e-001
 -1.54315763e+000
 -1.32177755e+000
 8.61605282e-001
 -3.45787965e-001
 -8.64793140e-001
 1.61514075e+000
 -4.92369715e-001
 4.59909542e-001
 1.42885753e+000
 -3.00844126e-002
 1.37958138e+000
 -1.05397726e+000
 7.61562047e-003
 1.32096006e-001
 8.67291460e-001
 6.70337387e-001
 -4.68481422e-001
 -1.56712611e-001
 -4.46720448e-001
 -2.47571287e+000
 -6.89829071e-001
 1.31744486e+000
 -6.04626210e-001
 2.61551725e-001
 1.68364086e-001
 -5.61471459e-001
 -1.46893354e+000
 1.73371184e+000
 1.53916756e+000
 1.00218372e+000
 -2.38008227e-001
 -3.18687230e-001
 -1.11735253e-001
 -3.85119138e-002
 2.94239612e-001
 1.40335408e+000
 1.04507383e+000
 1.90524755e+000
 4.01858992e-001
 8.95778937e-001
 7.28719318e-001
 5.78430931e-001
 -1.60124914e-001
 9.68271712e-001
 -5.52372473e-001
 1.65222053e+000
 -5.32574731e-001
 -1.18348424e+000
 2.95140080e-001
 -1.90032275e-001
 -3.36986394e+000
 7.15481675e-001
 5.08145193e-002
 -8.76510422e-002
 1.01351908e+000
 1.81804447e+000
 7.23739670e-002
 -2.57127466e-001
 9.21927183e-001
 4.51625391e-001
 5.22267205e-002
 8.91619592e-001
 -2.52423409e-001
 9.22086787e-001
 -5.48344688e-001
 4.83361028e-001
 -7.11687972e-001
 8.22429358e-001
 -2.40953189e-001
 -4.45930741e-001
 -1.12833144e+000
 2.68242933e-001
 -9.45071602e-001
 9.75663773e-001
 -1.50547569e+000
 -4.19040157e-001
 -1.75709668e+000
 -3.03409198e-001
 -5.09803103e-001
 -1.62828529e+000
 -1.05583185e+000
 1.08590337e+000
 5.66491994e-001
 1.07366668e+000
 1.16868778e+000
 -1.80095445e+000
 2.92987645e-001
 -3.97066528e-001
 4.26605047e-001
 7.19284844e-001
 -7.22438452e-001
 -6.36352428e-001
 -1.23585536e-001
 2.87486079e-001
 2.28426300e-001
 1.92545750e-003
 -2.10376680e+000
 -2.41440265e-001
 7.19448058e-001
 8.44480779e-001
 -3.89050876e-001
 6.45955029e-001
 -2.72115943e-001
 5.79765349e-001
 3.15139116e-001
 -9.79838703e-001
 -7.09249423e-002
 2.40065308e-001
 8.48756707e-001
 6.13211552e-001
 -6.03841076e-001
 1.77374378e+000
 2.99542520e-001
 -1.61410542e-001
 1.26939069e+000
 -1.19421413e+000
 9.59855565e-003
 -2.19093153e+000
 5.40594561e-001
 -1.75958821e+000
 -3.30690859e-001
 3.07253554e-001
 -1.86972411e+000
 -9.67761940e-001
 -4.95321095e-001
 -2.10103500e-001
 -4.50916667e-001
 1.17823013e+000
 -5.85073226e-001
 3.89886480e-001
 -8.50207274e-002
 9.21863154e-001
 -1.24163747e+000
 9.12321795e-002
 3.92052420e-001
 -1.65554645e+000
 2.55663021e+000
 -8.60861653e-002
 7.96824897e-001
 5.38408481e-002
 4.29543604e-002
 -2.56469660e-002
 -9.49695764e-001
 -7.04607794e-002
 -1.39644267e+000
 4.09729041e-001
 -1.55413068e+000
 1.92008619e-001
 1.01076157e+000
 -1.25641145e-001
 -1.14044030e+000
 9.01739860e-001
 1.32237984e+000
 1.56821447e-001
 9.65483237e-001
 9.96718964e-001
 -5.18857518e-001
 -1.15080876e+000
 -4.48767223e-002
 -4.13098006e-001
 -6.10600977e-001
 -7.43772510e-001
 1.12919009e+000
 6.82201835e-001
 -9.17928393e-001
 9.42101866e-002
 4.37187957e-001
 -1.51922849e+000
 -4.37688284e-001
 4.70504946e-001
 -1.06740619e+000
 -4.47756210e-001
 4.75556859e-001
 3.40065089e-001
 -3.27187795e+000
 -1.17556565e+000
 -4.19758472e-001
 -1.43641727e+000
 -5.30854950e-001
 -2.58263728e+000
 6.83377181e-002
 -1.75625490e+000
 -3.92464653e-001
 3.68630462e-001
 -8.24882457e-001
 2.37339911e-002
 -3.86353884e-001
 1.84028101e+000
 -1.57545429e-001
 -3.45387451e-001
 -3.15142284e-001
 -2.61786386e-001
 -1.39544446e+000
 -4.69009917e-001
 2.20916374e-001
 -5.48923614e-001
 1.27685491e-001
 -2.27166736e-001
 -7.66361455e-001
 1.75345197e+000
 -9.96221483e-001
 -3.36379365e-001
 -5.17872465e-001
 4.30145685e-002
 2.54539680e+000
 -5.67077956e-002
 1.35763751e+000
 -1.62736029e+000
 1.27052096e+000
 -2.28000202e+000
 9.36672352e-001
 -1.60080270e+000
 -1.24550408e+000
 -8.48523504e-001
 -4.25942018e-001
 -1.88387040e+000
 -2.16987798e-001
 6.23876521e-001
 5.34175942e-001
 3.06269787e-001
 -7.64209803e-001
 -6.17090144e-002
 -3.54681336e-001
 2.84066816e-001
 -2.76249689e-001
 -7.07303199e-001
 1.54194027e+000
 -1.63156175e-001
 -4.20185826e-001
 1.18615724e+000
 -6.57718459e-001
 1.62529523e+000
 9.19891073e-001
 2.09421486e+000
 4.43128021e-001
 1.32372098e+000
 8.34025149e-001
 -2.47140403e-001
 5.58880777e-001
 7.24778075e-001
 -1.77574173e+000
 -6.65498194e-001
 -8.38961365e-001
 1.34498771e-001
 -1.08269354e+000
 5.06595285e-001
 4.07179453e-001
 3.83825384e-001
 -6.58685152e-001
 -3.90183247e-002
 2.86284734e-001
 -2.76746235e-001
 9.75002751e-001
 -2.52085831e-001
 -6.47092283e-001
 -7.32500751e-001
 9.37641389e-001
 3.50821179e-001
 -2.28105995e-001
 -8.22315640e-001
 4.92211751e-001
 9.68444739e-001
 -1.42231427e+000
 -3.95775906e-002
 -7.67130895e-001
 -6.24664096e-001
 1.08441224e+000
 -1.21725781e+000
 -9.57944237e-002
 3.55472240e-001
 5.03753287e-001
 5.01613751e-001
 1.00136627e+000
 1.16039242e+000
 -1.32707591e-001
 1.63192714e+000
 1.43230993e+000
 1.69281167e+000
 -3.17279563e-001
 -2.76388542e-001
 7.05426198e-001
 -8.24969544e-001
 1.50709294e-001
 -9.59367347e-001
 -9.54318041e-001
 3.38175615e-001
 3.68902441e-001
 1.40172636e+000
 -2.87948037e+000
 -7.64887941e-001
 2.43351116e-002
 9.03101185e-001
 -1.62866430e+000
 -9.32148365e-001
 -7.23825605e-001
 -1.85870191e+000
 2.01438596e+000
 3.87424377e-001
 6.48390580e-001
 -9.85479589e-001
 1.07112262e+000
 7.68699966e-001
 6.16036209e-001
 -1.53496395e+000
 9.25882579e-001
 -9.82127400e-002
 1.60502104e+000
 -1.66918931e+000
 -1.05260393e-001
 -7.92895927e-001
 7.97774779e-001
 -1.66511515e-001
 -2.32884318e-002
 -8.01335000e-001
 -6.14738901e-001
 -1.43206502e+000
 -2.80917399e-002
 -6.83371083e-001
 -8.45785780e-001
 -2.24549802e+000
 -7.64902079e-001
 4.52925060e-001
 -1.78609289e+000
 -2.44785077e-001
 3.46866159e-001
 -5.06584972e-001
 -7.92182817e-002
 -1.00027898e+000
 3.41625502e-001
 -2.25046001e-001
 -4.85991736e-001
 -8.31652489e-001
 -8.88761915e-001
 -1.58021112e-001
 -1.12305498e+000
 1.23401003e+000
 -1.49546295e+000
 -2.89201173e-001
 1.38801720e+000
 -1.90721873e+000
 2.36708392e+000
 -8.86380770e-001
 9.11728791e-002
 1.12440296e+000
 4.65378117e-001
 -3.51516477e-001
 9.09285709e-002
 9.23816321e-001
 -1.61470243e+000
 1.56746069e+000
 6.29970058e-001
 2.41747641e+000
 -2.10778037e+000
 9.23618361e-001
 -8.82258301e-001
 5.99874698e-002
 -1.86035309e+000
 -5.02023784e-002
 -1.47409947e+000
 5.72363470e-001
 -4.76766410e-001
 1.87943113e-001
 2.42910569e-003
 9.17074570e-001
 -1.06514196e+000
 -3.83546703e-001
 -5.66812874e-001
 8.84333554e-001
 7.59525107e-001
 1.54445179e-001
 -5.19165942e-001
 -4.93727590e-001
 -7.81304590e-001
 9.00688604e-001
 1.15521516e+000
 -5.06090289e-001
 5.15108273e-001
 -1.05873702e+000
 -1.27703741e+000
 3.15343104e-001
 -7.46984307e-001
 -1.25847262e+000
 -2.95812103e-001
 1.88286382e+000
 4.59267991e-002
 -5.94123121e-001
 2.33196702e+000
 8.95486982e-002
 -1.67356126e-002
 3.71408654e-001
 6.43405503e-001
 1.59657788e+000
 1.46590255e+000
 3.49027641e-001
 1.48311536e+000
 6.14640099e-001
 -4.47154691e-002
 3.70851524e-001
 -1.33637413e+000
 -3.33799168e-001
 -3.65868924e-001
 -4.40422883e-001
 -6.45138139e-002
 2.90362488e-001
 -1.56391542e-001
 -2.09243591e-001
 4.36487383e-001
 -1.27974873e+000
 -2.72530970e+000
 -5.30900580e-001
 1.87183375e+000
 -1.26971472e+000
 -2.36978460e-001
 3.45284006e-001
 4.90908506e-001
 -2.15120284e-001
 -1.11531141e+000
 -5.67373915e-001
 -1.01501286e+000
 8.12191869e-001
 -8.79487988e-001
 -2.61885529e-003
 2.18144993e+000
 1.25725511e+000
 3.93569923e-001
 -1.44268957e+000
 7.99296419e-001
 2.47603534e-001
 8.00830864e-001
 -8.80544535e-002
 -1.38019464e+000
 -1.41950306e+000
 1.29970349e+000
 4.62143171e-001
 -6.11775606e-001
 3.89695222e-001
 -2.46257838e-001
 1.36761686e+000
 -1.80677301e-001
 4.76441436e-001
 1.38646744e-001
 1.63464423e+000
 3.12294714e-001
 -4.92300199e-001
 -1.86176050e-001
 8.42142972e-001
 -1.05471697e+000
 2.34241830e+000
 9.88993890e-001
 2.93370631e-001
 6.32616443e-001
 1.13111926e+000
 2.39096238e-001
 6.30219364e-001
 1.87225971e-001
 8.99284031e-001
 -5.56190439e-001
 3.94636597e-001
 9.98113015e-001
 -9.92694659e-001
 7.47053866e-001
 6.06040391e-001
 -1.47392302e-001
 -1.79052606e+000
 8.19197205e-001
 -6.19164975e-001
 1.19230815e+000
 2.07320202e-002
 -9.11111781e-001
 7.87946965e-001
 -3.82414683e-001
 8.33429155e-002
 -1.02012341e+000
 -4.38314568e-003
 -1.62060963e-001
 -1.83152118e+000
 -4.33899156e-001
 -1.10482420e+000
 9.04148329e-001
 -6.92509962e-001
 -1.49976893e+000
 -7.75134469e-001
 1.26240199e+000
 -1.45891402e-001
 3.25450024e-001
 -3.29516069e-001
 -3.55725564e-001
 -1.08480382e-001
 1.73442244e+000
 1.06204199e+000
 -1.38481870e+000
 7.36376913e-001
 -5.79116275e-001
 -2.51560930e-001
 -3.48868602e-001
 2.45918352e-002
 2.07046797e+000
 -6.15543751e-001
 2.60744052e-001
 1.13350476e+000
 2.32225504e+000
 8.55738639e-001
 -6.50545396e-001
 1.76285787e+000
 -4.98101042e-001
 -1.52518011e+000
 1.73019010e-001
 1.30502183e+000
 -2.33108987e+000
 -4.48111386e-001
 9.59208852e-001
 -8.85692613e-001
 1.19409050e+000
 1.49677769e+000
 -6.31881890e-001
 1.33140202e+000
 -1.30426257e+000
 -9.86550718e-001
 -2.83925608e-001
 -3.70038540e-001
 2.65813159e-001
 -3.03780071e-001
 -8.44402464e-001
 -1.75148239e+000
 -8.49829194e-001
 -3.88576325e-001
 -6.62757785e-001
 -2.11181163e-001
 -6.20858056e-001
 2.50980323e-002
 1.74033861e+000
 -6.35183224e-001
 -2.26723084e-001
 -5.31654235e-002
 6.69699413e-002
 1.35895004e+000
 7.15174285e-001
 6.18301579e-001
 1.74095173e-001
 5.51089290e-001
 -9.43617654e-002
 -9.39845455e-002
 1.04260127e+000
 -9.21255598e-002
 1.76617891e-001
 2.00997252e-001
 -1.51368613e+000
 6.51364464e-002
 -1.26564657e+000
 2.59345443e+000
 5.67968779e-002
 -2.10417480e-001
 1.13269821e+000
 -3.46841575e-001
 1.58489867e+000
 -4.57657112e-001
 4.16289390e-001
 -1.99488932e-001
 -2.32591383e-001
 4.78371282e-001
 -2.34691962e+000
 8.40056517e-002
 -2.40584676e-001
 3.71323741e-001
 -1.58752448e+000
 3.55241342e-001
 1.77673280e+000
 3.53642389e-001
 1.00683338e+000
 -1.85478333e-001
 9.51366628e-001
 -3.20232848e-001
 3.26673606e-001
 -2.00979256e+000
 2.79872209e-001
 6.35149880e-001
 2.13559851e-001
 -4.98524044e-001
 -3.49019298e-001
 6.44601863e-001
 -5.34190336e-001
 -1.17048583e+000
 -1.05835584e+000
 -1.22627252e+000
 8.07691811e-003
 1.29877165e+000
 -8.79677128e-001
 -3.32721493e-001
 -8.22855294e-001
 -3.75130165e-001
 -1.45500784e+000
 -2.31165095e-001
 -7.90151351e-001
 1.48209771e+000
 1.41538200e+000
 3.59195874e-001
 1.14983785e+000
 -1.14907969e+000
 7.81100061e-001
 -9.98206067e-002
 -7.18561052e-001
 1.27162950e+000
 2.26751760e+000
 1.18523479e+000
 -1.65212966e+000
 1.84128597e-001
 -9.02117496e-001
 2.95809019e-001
 1.20235948e-001
 3.35680401e-001
 9.81712312e-001
 2.42658122e+000
 -1.45637835e+000
 8.97664098e-001
 1.23643064e-001
 1.64212870e+000
 -1.56550023e-002
 9.94760281e-001
 -1.05405134e+000
 -6.35697463e-001
 2.95910853e-001
 -1.94165366e-001
 1.67447623e+000
 8.22681987e-001
 7.73336121e-001
 -1.59810155e+000
 1.16667120e-001
 6.83003386e-001
 -4.88354634e-001
 1.43143708e+000
 -1.26071769e+000
 6.98839012e-001
 -1.03588355e+000
 6.77417656e-001
 -4.70936501e-001
 7.55337730e-001
 -8.72356409e-002
 -7.67494481e-001
 -5.74255097e-001
 1.19731798e+000
 7.90362447e-001
 3.04836606e-001
 -1.52444405e+000
 9.78692214e-001
 -7.75642247e-001
 9.30074467e-002
 4.13597685e-001
 1.14397567e+000
 -1.96244170e+000
 1.83707675e-001
 -2.14337678e+000
 5.80483653e-001
 2.16076156e-001
 1.17947737e+000
 -3.25109678e+000
 2.40115917e-001
 4.14180474e-001
 5.32581701e-002
 1.86671217e-001
 -1.97644922e-001
 1.53455087e+000
 -7.16328648e-001
 -9.58494132e-001
 -1.29549551e+000
 7.28103557e-001
 -2.19336368e+000
 -6.41639473e-001
 -1.38625067e+000
 5.71263721e-001
 -1.12171012e+000
 9.71107737e-001
 -6.28633458e-001
 -7.59737868e-001
 -9.37883473e-001
 -6.12002522e-001
 -7.30753024e-001
 6.57034949e-001
 -1.65343576e+000
 -7.74211726e-001
 -3.31870674e-001
 -6.68798021e-001
 -1.28081517e-001
 -4.59038680e-001
 -6.63363155e-001
 -8.29222264e-002
 -1.32452969e+000
 9.25269359e-001
 -1.90314879e+000
 6.26416458e-001
 -3.23569159e-001
 6.98527797e-001
 3.28563098e-001
 -1.14639879e+000
 -5.76683512e-001
 2.34455197e-001
 -6.74553657e-002
 3.51085967e-003
 2.39899005e+000
 1.75638955e-001
 -1.12916246e+000
 -3.16553807e-002
 -1.46663024e+000
 -8.73307504e-001
 -7.19459262e-002
 1.16864001e+000
 2.23248085e+000
 9.18852229e-001
 2.40557824e-001
 -9.10442546e-001
 2.05915091e-002
 -9.02842030e-002
 -6.75331803e-001
 1.79382040e+000
 -5.01100572e-001
 1.29073225e-001
 1.37668359e+000
 -7.68810374e-001
 1.05688927e+000
 -6.44839905e-001
 1.56467550e+000
 1.93843083e+000
 3.77028982e-001
 1.03207939e+000
 1.34769730e+000
 4.87608610e-001
 -1.72286187e+000
 -6.65172422e-001
 1.73038976e+000
 -1.34549351e+000
 1.25605871e+000
 3.81378870e-001
 -7.80428120e-001
 -2.50925140e-001
 -7.52506037e-001
 -1.67193763e+000
 -1.60177472e+000
 1.08147377e+000
 -1.85552540e-001
 1.28475860e+000
 4.77932643e-001
 -6.45837474e-001
 -4.18558301e-002
 1.49470097e+000
 7.42579013e-001
 6.33649393e-002
 4.20215470e-001
 -8.29454831e-001
 -1.32864265e-001
 -8.89406524e-001
 -1.18410450e+000
 6.30034567e-001
 -7.87726808e-001
 -1.81344493e+000
 -9.41425555e-002
 -5.96376623e-001
 -6.37515472e-001
 1.09852577e+000
 1.36530842e+000
 9.08629457e-001
 -2.23404579e-001
 -5.69907473e-001
 -2.81439897e-001
 9.33517896e-001
 -6.74282102e-001
 -5.88234295e-001
 -5.73350871e-001
 -2.04113684e-002
 -1.07734300e+000
 -5.78597097e-001
 -9.67669951e-001
 7.48189894e-001
 -3.17055968e-001
 -4.59174203e-001
 1.59883755e-001
 1.56789472e+000
 1.58722222e+000
 -1.61575119e+000
 1.41587536e+000
 6.54160656e-002
 6.55576127e-001
 8.90094528e-001
 4.88319729e-001
 -8.63447661e-001
 -3.84475980e-001
 -8.46150332e-001
 4.45220754e-001
 -3.03131642e-001
 -5.13775061e-001
 2.76281093e-001
 1.91658240e+000
 -2.91138485e-001
 -1.28373839e+000
 -5.97616536e-002
 5.40183558e-001
 4.37531972e-001
 -2.18640651e-001
 -2.19046820e-001
 1.51436150e-001
 2.95250757e+000
 -7.45057113e-001
 -1.07410250e+000
 -4.21232086e-001
 -2.51911572e-001
 -7.36952657e-001
 -8.93007422e-001
 9.33941928e-001
 -3.86988916e-001
 8.99203405e-001
 -1.74161981e+000
 -1.17148423e+000
 -5.56053947e-002
 1.18362025e+000
 6.05692964e-001
 1.24247810e-001
 1.93781485e+000
 1.90267424e+000
 -1.12974025e+000
 1.98462704e+000
 -5.49106682e-001
 -6.75790329e-001
 1.14038257e+000
 -5.43154329e-001
 -6.55288660e-001
 1.24568099e-001
 -3.06973548e-002
 1.30352360e+000
 1.81090067e-001
 4.10933305e-002
 2.23568409e+000
 2.20968461e+000
 9.18824570e-001
 7.50938022e-001
 3.56236736e-001
 1.29205716e+000
 9.32256100e-002
 8.87099532e-002
 -7.59537290e-001
 2.21716154e-001
 -2.52152529e-001
 7.54827509e-001
 -2.58038434e-001
 -1.53979489e+000
 -2.40237410e+000
 8.82997951e-001
 -9.65662698e-001
 5.53435352e-001
 1.53300543e-001
 1.39846471e+000
 -1.25974668e+000
 -2.20611213e-002
 -6.78964023e-001
 8.47030648e-001
 -1.07148397e+000
 -1.48672359e+000
 -2.55548642e-001
 -6.91895356e-001
 8.50407694e-002
 5.93004405e-001
 -1.80158227e+000
 -4.55579435e-001
 -9.92624345e-001
 7.32562708e-001
 2.14300883e+000
 1.35765635e+000
 -1.59835016e+000
 -1.22300691e+000
 -1.56529566e+000
 2.89878867e-002
 -1.83735799e-001
 4.47039666e-001
 4.40084024e-001
 -6.12557251e-001
 -6.23832511e-001
 4.94619308e-001
 2.22189913e+000
 3.49104516e-001
 4.89399875e-001
 -8.52969734e-001
 7.24887220e-001
 -7.67321093e-001
 5.68020760e-002
 -6.17537687e-001
 4.21771242e-001
 -7.74354961e-001
 3.03159749e-001
 -4.73261328e-001
 -7.95057719e-002
 -5.52237069e-002
 3.24110913e-001
 1.46947590e+000
 8.64186595e-001
 -4.65254028e-001
 -6.48789921e-001
 5.73751556e-001
 1.97998999e+000
 5.29858863e-001
 -3.29456312e-001
 4.34327419e-001
 -5.80353871e-001
 4.85055777e-001
 1.42508537e+000
 1.75282701e+000
 -1.00504686e+000
 8.77349870e-001
 -5.95122732e-002
 -1.05624809e+000
 -2.20954934e-002
 -1.77750156e-001
 -2.85518260e-001
 -2.34019755e+000
 2.52313650e-001
 5.69161422e-001
 -1.37203501e+000
 1.01519917e+000
 -1.05096177e+000
 2.20214632e+000
 1.25707650e+000
 -3.16338426e+000
 1.91903594e-001
 1.18747940e+000
 1.72647895e+000
 7.06520273e-001
 -1.11471240e+000
 -8.20765401e-001
 2.28700756e-001
 4.98166298e-001
 -1.72460485e+000
 7.91271961e-001
 1.08780447e+000
 2.86260337e+000
 -7.55066905e-001
 1.00344775e+000
 -7.10451185e-001
 3.79458071e-001
 4.68061712e-001
 9.29268413e-001
 3.75276046e-001
 -2.24371258e-001
 -4.18356906e-001
 -5.08418554e-001
 -2.56705002e-001
 5.58876915e-001
 -6.85906420e-002
 6.39343745e-001
 3.08345785e-001
 -6.85766634e-001
 -1.25529209e+000
 -4.27979446e-001
 -5.59116175e-001
 2.03656501e-001
 -2.25765974e-001
 9.17199140e-001
 -8.33973285e-002
 -3.64146136e-001
 -1.94335425e+000
 1.12734689e+000
 -1.59328661e+000
 2.10861284e+000
 -2.05948787e+000
 -8.80689766e-001
 1.24293429e-001
 -4.82330153e-001
 -1.94107432e+000
 4.36890718e-001
 1.33733335e+000
 -7.85427921e-001
 2.10168724e+000
 -1.38615061e+000
 6.19934320e-001
 -1.62072134e+000
 2.47184537e-001
 1.32049987e+000
 1.07783637e-002
 4.89680535e-001
 -7.09263959e-001
 1.13015918e-001
 -1.07434729e+000
 -1.78282988e+000
 -1.03442289e+000
 5.10532508e-001
 8.58743935e-001
 1.89795395e+000
 1.39505932e+000
 -7.09923046e-001
 7.09143107e-001
 -4.18689796e-002
 7.75861786e-002
 8.44667972e-001
 -5.81136530e-002
 7.46361010e-001
 -3.52973293e-002
 9.40472808e-001
 -9.24465641e-001
 -9.95020890e-001
 -4.24818967e-001
 1.13714827e+000
 1.00838900e+000
 1.99280796e+000
 -6.66136690e-002
 -7.93216113e-002
 1.62347007e+000
 3.05687454e-001
 -1.60081159e+000
 1.65213024e+000
 -1.14341862e+000
 1.33365224e-001
 5.94304800e-001
 -1.31511360e+000
 -1.18483962e+000
 2.11649259e+000
 -1.31520340e+000
 2.05813725e+000
 3.30061625e-001
 1.90271101e+000
 -1.78941411e+000
 7.14628450e-002
 6.64409542e-002
 -1.21050326e+000
 6.03080718e-002
 1.36288450e+000
 -1.52639127e+000
 -9.89112852e-001
 -2.60180678e+000
 -6.44201124e-001
